0	27.6746
1	24.9352
2	35.6025
3	30.6601
4	20.5785
5	10.2663
6	19.0044
7	34.061
8	37.5747
9	31.7025
10	29.1625
11	21.9645
12	26.9109
13	20.3189
14	37.2451
15	29.225
16	47.6065
17	19.9427
18	48.2273
19	38.2829
20	31.219
21	21.6806
22	33.925
23	58.6053
24	54.3516
25	60.6395
26	41.8922
27	47.0072
28	48.5727
29	44.9764
30	29.0935
31	25.2424
32	25.5265
33	29.7914
34	20.1021
35	28.054
36	34.243
37	38.097
38	20.8145
39	26.2182
40	35.8757
41	29.4992
42	33.6142
43	43.4511
44	40.7788
45	50.1566
46	18.4989
47	36.4285
48	43.7263
49	32.745
50	33.0915
51	22.0076
52	47.3896
53	48.2916
54	34.2262
55	31.8755
56	41.3789
57	40.8994
58	42.0309
59	36.0305
60	30.1847
61	29.097
62	35.265
63	46.146
64	41.4372
65	18.1891
66	29.6568
67	33.4534
68	28.7233
69	18.2888
70	29.9759
71	17.9478
72	28.9017
73	44.045
74	20.1303
75	41.0385
76	60.4398
77	40.0736
78	57.0343
79	39.9921
80	48.8021
81	44.3845
82	39.498
83	38.4565
84	51.7995
85	52.1653
86	55.8577
87	58.2713
88	52.1255
89	60.002
90	63.4075
91	57.9517
92	53.734
93	58.9394
94	55.707
95	32.0991
96	31.632
97	48.0854
98	48.6082
99	69.9356
100	55.113
101	40.4389
102	55.76
103	41.0307
104	45.233
105	56.0192
106	68.9784
107	58.6149
108	49.6304
109	41.7408
110	51.3305
111	54.9384
112	61.8717
113	42.0817
114	33.9198
115	40.4286
116	33.6516
117	29.4099
118	27.5393
119	57.1295
120	60.6033
121	52.4691
122	39.8103
123	28.413
124	28.413
125	36.2399
126	36.6826
127	43.6176
128	47.564
129	55.4884
130	74.6307
131	78.4488
132	61.1076
133	62.1807
134	60.4218
135	75.3089
136	66.2959
137	78.7697
138	60.0388
139	65.0503
140	37.6239
141	47.0568
142	70.7062
143	64.8437
144	63.7317
145	60.2449
146	60.9863
147	61.112
148	93.1273
149	84.7536
150	85.5083
151	86.2237
152	69.8898
153	78.7525
154	75.0926
155	75.0926
156	112.813
157	116.417
158	120.883
159	124.728
160	110.523
161	130.382
162	115.151
163	112.344
164	123.69
165	109.783
166	123.259
167	106.045
168	105.444
169	115.407
170	129.564
171	118.711
172	148.776
173	148.5
174	149.321
175	137.071
176	138.492
177	129.209
178	125.657
179	125.108
180	136.613
181	123.557
182	142.362
183	149.525
184	170.833
185	160.757
186	153.87
187	144.701
188	144.81
189	170.568
190	153.154
191	166.396
192	143.611
193	146.13
194	159.76
195	154.394
196	150.281
197	162.556
198	167.142
199	155.957
200	171.884
201	166.525
202	167.506
203	165.296
204	124.533
205	137.418
206	158.268
207	147.639
208	141.058
209	122.401
210	103.23
211	130.207
212	121.29
213	130.298
214	143.214
215	136.851
216	126.947
217	164.012
218	146.186
219	163.117
220	158.449
221	158.087
222	155.033
223	156.393
224	163.87
225	168.117
226	168.563
227	171.572
228	159.394
229	167.688
230	154.323
231	156.023
232	161.277
233	177.267
234	171.71
235	160.642
236	154.371
237	157.588
238	166.943
239	188.708
240	161.594
241	161.225
242	164.387
243	141.935
244	124.391
245	147.24
246	132.771
247	121.505
248	151.707
249	158.615
250	146.824
251	160.175
252	180.597
253	180.546
254	156.624
255	150.988
256	176.816
257	197.166
258	159.254
259	161.754
260	153.934
261	158.214
262	164.82
263	146.03
264	152.737
265	158.268
266	150.687
267	166.378
268	181.032
269	191.167
270	185.139
271	171.605
272	191.136
273	197.255
274	159.211
275	163.864
276	158.391
277	145.166
278	169.633
279	164.652
280	181.09
281	189.156
282	182.357
283	178.612
284	182.995
285	189.598
286	175.725
287	181.381
288	215.96
289	223.957
290	205.182
291	224.665
292	213.408
293	183.967
294	186.782
295	197.153
296	203.34
297	216.82
298	187.605
299	172.665
300	176.831
301	177.158
302	194.051
303	150.691
304	154.961
305	173.378
306	168.44
307	176.443
308	172.031
309	191.56
310	176.543
311	175.375
312	171.161
313	181.546
314	161.559
315	178.374
316	145.104
317	150.877
318	150.877
319	181.359
320	174.597
321	178.232
322	189.71
323	191.83
324	154.103
325	158.263
326	169.961
327	191.555
328	169.123
329	164.882
330	161.45
331	153.527
332	167.828
333	165.238
334	148.342
335	168.568
336	168.879
337	152.66
338	159.548
339	136.337
340	150.916
341	151.254
342	143.972
343	142.693
344	141.025
345	145.874
346	113.046
347	105.001
348	116.148
349	132.306
350	127.278
351	134.895
352	146.129
353	130.456
354	120.847
355	108.947
356	106.975
357	116.678
358	101.045
359	87.0315
360	108.328
361	98.6861
362	92.724
363	99.8618
364	102.186
365	112.282
366	103.912
367	114.884
368	110.4
369	112.007
370	108.615
371	108.154
372	110.243
373	96.3356
374	113.163
375	106.739
376	108.26
377	114.344
378	95.8155
379	81.2876
380	90.6714
381	116.043
382	111.359
383	101.037
384	104.422
385	102.758
386	113.775
387	120.591
388	105.536
389	114.748
390	122.028
391	100.339
392	116.534
393	101.827
394	119.116
395	98.5742
396	125.355
397	132.368
398	121.845
399	129.932
400	114.539
401	112.771
402	105.022
403	110.015
404	100.84
405	98.5072
406	104.065
407	97.5624
408	123.674
409	98.0618
410	97.7782
411	99.6425
412	131.078
413	113.2
414	116.963
415	116.153
416	113.669
417	101.611
418	118.681
419	131.521
420	130.073
421	104.858
422	129.363
423	112.14
424	106.858
425	123.762
426	135.674
427	128.972
428	137.926
429	162.458
430	159.598
431	135.825
432	134.744
433	134.802
434	140.351
435	122.756
436	123.3
437	135.068
438	118.647
439	113.777
440	127.6
441	133.462
442	107.012
443	107.626
444	109.875
445	104.894
446	112.172
447	119.698
448	135.163
449	125.802
450	129.684
451	149.651
452	129.795
453	129.795
454	144.771
455	137.382
456	125.48
457	145.408
458	148.612
459	173.805
460	146.944
461	136.207
462	142.933
463	131.896
464	145.249
465	142.768
466	138.055
467	131.862
468	137.298
469	160.54
470	171.93
471	148.495
472	158.93
473	129.458
474	131.971
475	134.317
476	168.227
477	148.078
478	172.866
479	134.281
480	132.592
481	129.255
482	131.365
483	146.45
484	161.805
485	147.745
486	159.587
487	158.663
488	159.122
489	146.632
490	143.08
491	153.742
492	160.954
493	155.228
494	130.304
495	156.242
496	156.553
497	153.673
498	151.248
499	167.378
500	164.759
501	151.849
502	175.115
503	156.234
504	158.293
505	168.068
506	151.926
507	170.966
508	169.605
509	162.354
510	169.495
511	170.222
512	161.833
513	145.894
514	182.373
515	183.923
516	179.699
517	183.813
518	188.012
519	190.375
520	184.627
521	182.149
522	181.196
523	219.472
524	224.283
525	222.439
526	207.281
527	222.168
528	193.081
529	223.829
530	207.502
531	236.252
532	199.365
533	220.946
534	209.309
535	213.115
536	220.023
537	210.316
538	204.299
539	206.886
540	208.252
541	205.033
542	232.842
543	252.515
544	248.574
545	247.879
546	233.7
547	226.699
548	199.424
549	200.353
550	217.308
551	232.695
552	209.247
553	203.382
554	223.215
555	212.608
556	199.402
557	184.671
558	214.505
559	205.404
560	194.34
561	178.286
562	178.286
563	187.794
564	175.517
565	194.676
566	202.985
567	192.764
568	193.521
569	201.32
570	189.114
571	192.977
572	185.96
573	199.304
574	190.993
575	187.453
576	186.324
577	188.558
578	205.58
579	210.114
580	231.217
581	230.998
582	213.415
583	231.126
584	241.629
585	221.598
586	230.105
587	238.466
588	245.826
589	233.074
590	241.747
591	209.356
592	197.333
593	196.428
594	242.471
595	235.107
596	242.158
597	242.266
598	230.766
599	248.696
600	214.651
601	247.106
602	216.004
603	206.113
604	218.839
605	237.976
606	231.283
607	245.68
608	229.286
609	238.047
610	242.29
611	247.068
612	236.73
613	232.32
614	227.866
615	207.994
616	214.452
617	235.858
618	221.717
619	230.601
620	230.601
621	221.508
622	217.544
623	212.082
624	220.086
625	230.975
626	228.504
627	249.464
628	214.266
629	214.266
630	214.266
631	221.29
632	221.541
633	225.993
634	211.092
635	205.709
636	197.858
637	201.721
638	205.599
639	203.89
640	219.457
641	200.154
642	217.078
643	222.459
644	232.286
645	245.509
646	228.807
647	238.433
648	235.847
649	239.631
650	243.806
651	243.64
652	236.154
653	238.449
654	248.448
655	233.862
656	244.039
657	244.182
658	229.173
659	267.718
660	252.244
661	251.808
662	251.808
663	241.046
664	244.11
665	231.859
666	236.54
667	208.38
668	197.582
669	205.59
670	208.478
671	197.611
672	193.36
673	210.905
674	191.662
675	213.057
676	174.251
677	174.251
678	190.962
679	188.11
680	194.993
681	183.135
682	191.413
683	188.255
684	189.441
685	195.743
686	195.032
687	203.254
688	178.341
689	212.206
690	219.567
691	198.153
692	207.025
693	224.253
694	229.931
695	226.812
696	247.429
697	232.377
698	230.243
699	239.211
700	242.814
701	240.275
702	242.975
703	247.427
704	227.093
705	224.902
706	245.915
707	261.163
708	247.442
709	243.063
710	268.915
711	241.761
712	228.215
713	230.124
714	226.268
715	226.268
716	239.522
717	239.417
718	253.932
719	256.715
720	254.548
721	262.484
722	255.711
723	275.663
724	277.803
725	269.671
726	273.468
727	257.758
728	270.206
729	260.674
730	275.361
731	276.394
732	278.157
733	254.691
734	253.611
735	261.851
736	237.755
737	237.755
738	252.026
739	248.67
740	236.491
741	235.985
742	238.519
743	234.381
744	244.721
745	248.192
746	249.663
747	235.075
748	249.995
749	237.976
750	229.593
751	253.642
752	252.106
753	258.583
754	266.693
755	274.631
756	286.876
757	303.536
758	301.482
759	301.005
760	310.55
761	297.112
762	257.143
763	271.24
764	292.041
765	260.491
766	271.839
767	289.549
768	270.992
769	265.259
770	227.765
771	227.159
772	246.967
773	257.937
774	278.919
775	283.53
776	300.044
777	301.921
778	268.742
779	291.813
780	312.694
781	295.822
782	305.363
783	309.289
784	315.329
785	333.994
786	343.669
787	346.034
788	344.001
789	351.942
790	327.134
791	333.104
792	335.415
793	351.325
794	351.325
795	345.632
796	372.237
797	383.155
798	326.305
799	332.503
800	304.527
801	303.824
802	296.741
803	313.088
804	342.122
805	315.482
806	309.53
807	299.276
808	310.461
809	315.146
810	284.216
811	299.177
812	278.308
813	280.697
814	279.714
815	230.345
816	237.14
817	241.393
818	235.225
819	256.27
820	251.968
821	229.294
822	213.757
823	231.198
824	259.985
825	230.986
826	216.226
827	216.636
828	218.777
829	217.881
830	228.542
831	213.156
832	212.452
833	217.778
834	223.826
835	235.177
836	237.026
837	233.677
838	204.557
839	204.557
840	236.564
841	243.098
842	232.142
843	222.378
844	227.322
845	221.097
846	237.841
847	249.616
848	215.131
849	217.441
850	215.566
851	237.084
852	255.955
853	262.424
854	256.931
855	263.937
856	264.215
857	277.438
858	296.171
859	265.226
860	254.545
861	264.457
862	264.326
863	269.915
864	264.703
865	251.019
866	251.019
867	237.907
868	237.907
869	237.907
870	237.907
871	237.907
872	248.444
873	244.996
874	244.996
875	227.382
876	234.593
877	222.981
878	241.031
879	237.392
880	234.453
881	231.58
882	238.805
883	236.294
884	258.135
885	246.075
886	258.715
887	250.844
888	253.358
889	247.208
890	256.351
891	246.062
892	255.497
893	259.868
894	276.711
895	255.195
896	250.351
897	240.977
898	225.744
899	228.225
900	211.191
901	237.543
902	266.958
903	269.136
904	265.706
905	274.268
906	240.858
907	240.184
908	252.282
909	274.724
910	272.373
911	270.036
912	249.563
913	257.505
914	257.505
915	258.217
916	252.375
917	252.375
918	250.224
919	248.792
920	253.348
921	253.348
922	254.956
923	252.553
924	274.628
925	250.617
926	247.02
927	268.627
928	271.717
929	255.655
930	252.788
931	241.725
932	256.4
933	251.67
934	238.83
935	238.403
936	245.187
937	249.491
938	249.896
939	246.728
940	277.653
941	278.774
942	290.397
943	287.37
944	309.418
945	294.51
946	304.087
947	306.491
948	293.642
949	319.034
950	341.885
951	350.889
952	315.979
953	311.981
954	313.632
955	303.24
956	310.145
957	318.561
958	314.573
959	271.832
960	276.929
961	292.512
962	277.474
963	284.378
964	284.788
965	317.543
966	314.464
967	304.243
968	296.511
969	301.958
970	299.829
971	305.408
972	323.845
973	289.537
974	303.918
975	276.701
976	278.558
977	268.054
978	273.79
979	291.417
980	265.057
981	298.976
982	293.598
983	280.183
984	293.915
985	267.947
986	273.418
987	265.013
988	250.806
989	237.7
990	252.263
991	287.071
992	278.27
993	293.403
994	291.273
995	316.114
996	308.574
997	310.315
998	324.029
999	302.814
